9226
-4999
-838
2574
-1561
-4553
-4536
9754
7425
3992
-3899
4373
-3983
-4221
7438
3433
-4244
5822
6370
1889
9234
507
2413
6303
9971
-3902
8770
5331
-4191
3347
-2645
8188
-4927
-1522
8995
2235
-716
-4024
7369
295
-626
9423
1280
-2416
646
5303
-2933
8244
6830
5468
-2298
-4453
7437
3567
5528
9548
-3943
3029
-4364
2461
1079
3629
1240
5321
1165
1933
964
7835
-289
1702
-3901
8796
4561
8424
-183
3071
-1294
-4513
2228
-3063
-1669
5665
-4416
5930
-3433
5023
7968
6548
9205
1533
-2438
-3422
4707
-316
-3031
-2110
2373
3080
7610
7078
8687
9472
-4343
1746
-441
4627
-4089
22
-1813
-2572
5125
9016
-1664
7980
5308
-4502
6191
-1783
644
-1624
4633
-2791
-3277
9879
-305
596
6854
1499
9014
3830
110
5355
1080
2843
-1574
1837
-4618
7449
9211
2875
1875
629
-3953
-1895
4634
7343
526
1544
7914
9582
9294
3701
-2460
1033
5631
1097
1698
6416
1323
3290
9144
-2257
-1852
3650
24
2504
4744
2336
-2678
-1816
5964
-1164
7948
4416
5761
948
-3814
-3614
4410
-4149
6060
2822
4495
3508
5548
8532
-4788
-4133
309
9692
-1877
2392
795
-1446
1666
-3299
1403
-2016
2503
1807
1945
-2275
712
1653
8077
-4162
3827
940
224
1343
9914
6992
8220
-3721
6174
2006
-2256
6587
-2702
5184
-615
-1806
-2053
9390
3938
-3804
8553
-4693
2871
8752
5081
1924
-2747
-4235
9474
2886
1178
-4450
-781
7246
-2424
-897
-4298
4612
4532
-3112
8797
1788
1690
6853
8504
607
-2960
1524
-3845
-1465
8230
-3328
9764
3967
2016
-2978
3507
9400
-3982
9768
571
5045
7892
-1122
1342
3952
-590
6575
-1355
-3109
5812
-4910
9857
841
3891
-1777
6737
3262
6474
6010
-759
7613
-3465
5387
6076
-2015
1101
8447
-3501
-948
-153
4188
7976
-4109
-3717
949
5916
825
6156
5587
8328
3266
-4365
-3426
4939
8254
3109
9599
1639
7180
9033
-1923
5219
4417
-3384
711
2496
4109
1310
663
-3458
4688
-1975
-1395
8255
-4355
8920
2704
-1969
4894
9280
5222
6769
9480
4108
-4290
1257
4566
2038
3704
-4871
638
-208
-2840
2190
3569
-664
20
-1551
5242
7207
7810
-1754
1391
-3934
-866
-2886
4887
8023
2065
4666
8565
-4887
-4018
3547
5291
5560
8542
3686
-318
-2318
4612
1804
9990
-2470
-2282
9715
5634
4480
8147
-4216
-1439
4934
-1018
-2627
-3195
3212
9243
1304
1926
7175
9541
9554
3738
4083
-3371
3527
2329
-3075
-422
7471
-766
-3629
2356
-1608
6602
2534
6901
-4741
6895
-4027
4175
9863
-4526
1643
5486
2299
2851
613
-2199
1899
-1450
248
7767
3573
1562
4731
-4737
-2835
9477
-1159
1340
5904
-4795
-3268
2695
-105
6846
5471
7918
5243
8615
1295
9048
9026
3294
1443
7483
9030
9929
-2786
-3586
1669
6049
8743
9677
-515
3361
6897
4331
-3518
4633
8142
6147
-2068
507
5847
2197
8894
-4019
-4494
-4203
227
5606
557
-1639
-2314
-171
1728
8610
4151
-1253
4121
-1356
-3949
1101
8834
1923
613
-155
9076
7764
5019
2549
-417
5477
6248
2219
313
7890
7461
6860
6559
6113
1907
-389
7297
989
-4499
7807
1483
-4817
209
4622
1628
8612
6530
7580
7940
7326
9732
4586
8780
-909
5453
-4941
-3843
4638
-3487
6991
-4050
5057
9562
2745
-709
2946
7433
6261
3667
-970
-581
1670
-2344
5817
6398
-2071
-3226
7979
4767
1463
-2168
2655
5208
3852
2816
8322
-827
4870
3955
5382
-2538
5436
1665
1994
2488
5550
8091
-4658
5253
1013
-3426
817
5691
-4741
5489
-1084
3254
-1843
-1868
4720
-3312
-143
3203
2163
-3463
-3735
574
9190
-634
4935
1886
-2729
-4304
8474
697
-4439
6918
3754
-1653
-3137
1376
5759
1600
8933
9226
-3352
6594
-3243
6830
6590
4119
8940
1210
-677
6546
-4891
-3777
9894
9135
1315
-4243
832
6000
-68
4513
7602
-135
-3766
6942
9654
9025
-1968
697
4899
-503
2109
8212
-1277
8179
-2670
-2182
-1875
7139
-1655
-3493
-685
8600
3355
6499
2727
9438
8770
-2290
-3509
7512
3906
8227
-2089
-1674
-729
4102
8617
8406
-911
2504
2219
-4706
3892
6484
8793
-657
1085
7127
-4845
2475
-835
5744
2559
-1212
-1548
1911
1804
2269
-2799
-1968
-2195
3445
4181
7023
6695
7203
-4198
1678
9951
-4943
4594
5862
7803
3616
-1541
3117
2429
3751
9554
-3530
8805
4049
4762
-994
-4780
-2229
8650
-4151
2292
262
-3208
771
-166
-2693
-2203
9308
-1147
6196
2407
4404
1119
3670
-3364
8804
8279
-3073
6068
9728
8479
-2668
9823
9488
8271
8237
5819
9197
9900
7271
8101
2160
5291
-753
4509
2163
-1186
4171
846
221
7487
6435
146
-1345
-557
5570
-1201
9
6261
2042
-2346
5181
7003
6268
5502
-157
1457
8302
-583
9799
304
404
6564
-3910
9901
4843
2669
2589
-4537
7438
-430
7001
-368
8359
3481
-1116
-4790
8588
4030
6067
-2871
6975
9265
-3749
-869
8209
4189
394
-3445
21
7939
-2929
6444
8901
4493
1946
3904
6172
3910
2934
2832
3517
7453
-3431
3682
4560
533
6888
9978
-2263
9001
6993
4409
-701
2764
2735
3066
7733
5019
2968
49
2762
-547
3214
2578
7885
8276
-4498
1449
3627
-3526
4656
1619
1435
-499
-2581
1908
8143
-2918
-1741
1246
2209
3936
8021
3615
9466
6043
-1130
7284
-854
2387
6635
5794
-1845
-2735
3324
4674
2283
8628
9989
4846
-1187
7043
-2735
3171
5750
7635
6868
-4341
955
-2943
2352
-1054
4583
6885
894
2762
7074
4877
4235
6083
4334
38
8006
7168
-456
4292
5153
861
4599
-733
8377
1958
6121
-3745
2282
1679
-1302
4837
-3514
4209
-2031
6983
-950
4945
-2711
8102
-3358
1449
9644
9118
5079
6285
-4586
1825
1728
7233
8605
557
-4917
-3893
-1370
-2565
9171
8884
1342
2370
-195
9803
5167
2174
5113
2387
462
1491
-2278
9005
4727
5990
9937
7815
-4577
-687
6111
9506
8056
-395
-4727
9149
-2036
4269
1896
9402
7807
241
6429
-2313
719
9137
2624
7836
9309
8887
1512
4858
-3050
9214
2941
5357
2867
720
6870
5941
5536
-2042
3407
-3707
8924
-1381
6505
-4101
-489
2253
1801
-768
8453
2476
9675
-3183
7663
-2130
3313
2769
9643
5541
-4734
6424
-1965
3596
7597
6443
-3475
4979
2586
8659
-3454
-3035
7617
7528
-4130
8539
-4544
8810
6307
-1080
6308
8453
-4033
6024
5400
3732
3440
-2763
8845
9111
-1434
-3141
-4119
-1509
3332
-2421
2578
-2140
-4661
8411
-4094
2804
7274
-3037
-3425
9158
9608
-3541
5151
-419
822
-1798
-1526
9278
-2408
-3434
1803
5418
3508
-238
5715
7194
1664
8967
8101
5594
-2891
-2970
5781
-4574
4473
2477
-1896
6179
4609
-3705
8778
-445
2156
3608
2718
-442
-4386
6827
-1222
-2603
5219
7891
-1428
4954
4214
5726
2629
3423
7627
7745
8420
-4544
-96
-779
6642
7580
1568
5883
-1401
-4913
7682
-3466
-1850
-1660
-4554
6031
4730
1786
256
6762
612
7930
9439
-443
-3006
-1168
6115
4359
8230
6623
-1092
7446
5819
3502
1039
2412
-2808
-1955
3188
9804
9082
2337
7697
-4954
-1707
6262
1069
-2259
1003
-128
-3573
6603
8946
-4882
2904
-2421
1244
4083
-1573
-1942
201
2027
4046
8622
-946
-4905
6889
-3778
2851
8696
-1970
-2950
5350
4814
143
-1572
9864
7724
99
1121
2670
8083
1015
5918
-4407
7504
-162
277
-4732
7290
7678
1310
-2837
-2798
6265
-4220
85
6781
-528
6432
6298
-1991
-3476
-4263
-841
-4524
6199
5419
8869
8101
1775
2579
2902
1431
13
2706
3110
-2563
3326
1544
6449
9246
4504
3341
2224
-3324
7202
4263
7662
-2939
-3747
6410
-3682
7456
7994
-3301
8856
8460
-1096
9708
9875
2004
6418
-4654
6855
1185
485
1129
-15
-575
2228
9600
-3876
-2295
3604
1819
5683
-2009
2430
-839
8773
3027
-2730
7082
-2162
3063
-2551
3459
1750
-3876
9938
-1684
1985
29
6333
-1600
2521
-1894
4935
1133
-985
-4837
6460
7551
-2487
2393
672
3971
-4722
1754
9400
1595
3436
5486
3988
6544
5481
101
9964
8148
-3859
-4231
6135
2639
8089
-2074
-1814
-2896
3650
-2116
3946
813
6836
4664
-437
5932
2119
-4335
-2836
-811
-4140
3191
5094
776
4620
3564
6026
-2640
-3081
-3913
9853
3984
-1757
-2325
1152
4327
2998
7062
-858
4056
-1340
8390
1641
6850
1881
8581
7869
9996
-4986
-4711
7599
-2466
-988
4288
5640
2210
-39
3889
5948
6754
-1953
-4197
6545
7347
6560
9404
-2781
1762
-4529
1262
5290
8923
5760
-4334
8345
-1422
-3108
7513
-782
-2522
1678
4708
2663
-1142
-450
4757
3005
5446
9739
-12
5304
-3868
704
5309
6968
-3932
5896
6920
2181
5826
6996
9380
8183
-3890
8002
8168
5800
-3171
640
2298
5999
-874
-3231
5798
-1118
5324
-2850
1973
5878
6495
-2330
-2600
-1751
24
2437
731
2414
6025
2383
9228
6657
2771
-3828
8553
9466
1752
8986
7040
-2797
5893
5022
9228
8844
-1106
6700
5439
7003
-82
701
-1723
-3697
-2449
8889
336
7194
5541
5522
-712
666
-2541
-2511
-1475
5247
2680
5431
4944
94
55
326
-1008
9404
-2019
9767
742
9563
8727
993
-955
-1593
-1969
699
9341
1991
8885
-3385
7895
-3403
9270
7325
-4889
5972
7930
-1928
9328
7065
888
-3468
1928
-2942
7816
5684
-124
-3161
-3837
3456
-1109
-4143
5343
-2954
-566
540
9077
6987
5407
4510
-4328
-3902
4301
-403
9541
1985
4538
7818
9804
250
8195
1726
1449
9560
3981
9500
4824
-3457
4623
-148
3286
3189
2378
-3746
920
75
-792
616
7060
1970
-1034
4137
4420
6219
-4218
8666
-887
-4225
-527
-1691
6384
4549
9816
3881
9106
4516
8324
8668
6764
-2493
5507
5585
8266
-1002
4518
-2582
1350
8274
-2065
-285
7187
4998
2676
5821
3630
2127
8869
-985
-2058
3444
3624
6520
9825
4676
-2386
64
-3123
9707
-2609
6253
-1570
-4934
4040
7274
-1924
-2444
2675
829
1377
8650
2623
-4888
7165
-1975
8377
-4689
-4889
4892
6236
3367
2837
1295
4009
694
7160
6729
5771
-831
-3718
-4729
4195
-2144
3414
-4660
6942
3411
5636
5455
-2314
6686
5090
-1780
7658
-3716
9155
6318
-2186
-2899
509
5386
-3863
3075
-669
428
-4707
6336
7816
2997
-3510
276
8615
5060
-2801
7768
3240
1363
775
7487
1575
2335
4156
9348
33
6681
2098
-913
9340
2764
3820
1824
3333
-4660
7212
1500
520
9228
-2258
-2293
8931
5943
982
2272
-762
406
1784
-1670
-3890
1487
-595
1821
4324
7149
-2214
799
1489
5183
-3601
9680
-1120
2537
9528
9001
9833
-2634
2141
3269
1718
4511
9668
3823
-3019
9026
-4659
1204
6609
2413
1441
-3896
207
8929
7173
8021
100
6752
9740
9834
3462
-656
8790
-2017
8006
2571
1150
2905
-4139
2501
7514
-1131
2291
3366
3459
-2963
-4913
8409
864
3188
7488
-3359
-1255
9342
8450
-4721
4606
1127
1759
5321
6387
6268
1146
-1395
-3211
195
9243
8119
-4244
1787
-4803
9584
-1102
941
5741
-3947
-4950
6305
-3190
-3149
8407
4212
5268
-2201
-4846
-1437
3637
-1585
-4610
262
4374
4970
-1643
3619
-4504
188
3807
267
7865
6922
2903
2001
6576
-2576
-2767
-1693
-4634
-4375
-466
7448
-1300
9966
9935
-639
5433
8650
-1841
4894
-2697
8635
6291
2899
-763
1572
1623
4776
-4165
5871
3287
6697
-1014
394
8769
2184
-2228
2534
6259
1063
2415
2945
-4782
2865
544
3567
-4839
-1874
-2694
7110
1201
4231
8301
1887
-2951
1136
4235
6968
9131
-225
-4984
3233
-4908
8129
1697
-4142
6478
961
-1022
-2825
5928
9327
2211
-2452
-3842
3257
-1000
4121
9736
-55
5794
2038
-4887
6850
776
4632
8108
-4623
4475
-3803
-2198
2052
8348
3567
5530
5725
9653
7996
-224
3092
6844
-3339
-1944
1336
-1518
7392
3312
1941
-664
-4721
-2384
6782
9092
8760
-3786
-4138
-1427
9021
-4798
7086
-4197
139
-4395
-1380
-3020
1852
4016
-3242
739
3198
-4246
-534
4622
-1775
287
2726
3318
3380
6922
-717
1042
-1749
9936
-548
6997
-3464
5411
9699
7948
-212
8949
3163
9944
-504
8949
2606
5575
6075
6767
4436
9334
-955
-1517
2627
-775
6262
-1560
-2277
5770
6613
623
-4091
-4655
-2319
1565
-3792
-3289
755
4809
-80
506
-3689
-1936
-941
9317
4012
2094
270
3319
-633
7826
-4612
9215
-2643
2759
-1970
-2104
9091
-1148
5946
8894
7854
-184
7001
2419
3829
1174
5408
-1519
-1733
-3743
7516
3555
7278
2479
6566
2524
6725
5120
3523
2865
-2367
1143
-2391
1319
4024
5380
-3111
3722
8372
7645
-2512
6566
6121
7695
-2063
-2406
-2071
-344
5307
9802
7137
-206
1549
576
7921
863
5475
1041
7412
9851
9861
8879
8136
-2178
-1492
-4976
6266
7515
2226
-2250
4605
1931
1623
3741
4182
630
5786
-1916
-218
1740
-2548
6361
3269
-20
5647
3328
-4379
-2080
6917
9202
-4520
3296
-3567
7744
-1982
-516
-1704
3949
-4013
-4164
1562
1392
7973
-1273
8207
3938
5353
2516
-3421
9564
4174
770
6597
6231
6018
8691
3221
-3168
3891
3498
9515
-2256
-3024
8894
5882
6134
9664
-1811
1109
-1988
3143
3476
839
-2030
-433
-3595
574
762
-573
8999
7874
242
-4126
335
9386
9182
5782
7504
-2965
4220
5805
3572
4459
9476
-1150
1250
12
9197
-2340
7686
5539
9021
-3184
1973
-2716
-2203
-3440
7804
767
5026
-1276
4060
-455
-4396
7557
5569
2070
1469
2344
3024
3423
6139
3413
5967
5517
3998
8600
4385
4554
-4405
230
1549
697
1425
9581
7691
-3382
3981
539
5846
2484
7189
-2056
4406
9377
1087
9497
2376
-676
2735
2773
-4591
-3040
9047
4442
6674
7706
8207
386
5591
9696
1659
9163
5750
649
-4331
-1286
7614
2369
-200
-3235
4259
6671
1462
9218
8580
8271
-728
-4418
-4135
-2266
7982
845
4957
6843
9944
-4509
6351
2884
-4649
237
3695
-3436
4860
3654
-2518
7861
-1766
8145
-3010
8713
3513
1828
-4499
-3015
-1194
9501
-3791
-4555
-107
-1448
5575
-3875
5004
297
747
7334
7232
-2292
-273
-903
2086
6429
-1489
5222
7175
-2493
2219
3799
-1393
2380
5299
-3608
7754
3001
5291
2093
-4638
8010
8762
-3674
-1712
1572
5083
538
4229
9552
-1712
-1232
-3739
6548
-996
2262
2561
956
7734
2639
4889
5715
-3731
9110
7559
3306
2900
2489
2579
3639
1109
9829
-2175
-2417
7691
1964
3612
43
73
2290
2314
-2750
2408
2280
2639
8481
-4085
227
4340
-4258
6234
-664
-262
-1681
-3920
4697
7132
9002
9575
6617
607
8903
8523
2488
1745
-4193
6230
3937
1207
-4164
4431
-195
8998
5234
-3304
2793
5775
-2684
1809
-780
-3471
7723
3301
3917
-325
6754
5505
9091
-2708
8247
5693
828
4812
-2617
8261
9253
7295
-4926
4917
4694
-3900
-3760
7954
2359
3605
3322
-94
2940
9726
5947
-3605
2535
-2098
3754
6676
-2688
-1913
8526
-484
3002
17
-4272
6866
1310
9678
-1234
6337
5702
-2077
-2067
3355
3362
-1196
9235
5
5060
-3870
-2602
9188
-3694
9327
7135
-1287
3172
2735
3082
2014
1405
-4509
-3472
-4720
-293
7178
1174
3114
8563
4925
-20
398
-438
2663
-3754
-1358
3757
2195
8378
5546
7439
-1260
9105
-3703
2296
7471
3788
2530
4170
-753
6063
3894
4196
6129
-149
9349
-2798
-4067
7707
5770
7171
-4537
-2619
7463
-248
3239
-2033
1436
5581
-2864
3332
-4795
-506
9350
-4862
-3804
502
9781
-505
-4170
7517
4965
75
9686
-4135
5072
5690
-903
-2864
9451
2268
-2213
470
-625
3712
-3018
-4938
6482
9252
3368
-3919
-3959
-1030
7516
856
-806
6392
4347
-4246
-1697
-867
-3719
-766
1015
1855
2355
7305
189
-4840
-2468
-1078
9303
2578
5360
-771
-2616
806
-2996
5388
8161
-1131
-4465
-3177
8794
-3277
-708
3077
2623
338
7386
9518
-3139
-4715
3020
5833
8858
-740
3505
4573
5820
7737
6262
6845
1197
5914
-2900
6426
5541
-3387
3103
450
-636
-2514
6951
1719
2100
375
3541
7471
-3008
3353
2438
2982
9932
5717
9254
7097
7281
2902
9601
-3335
8178
-4689
-366
1067
2638
-4523
423
1933
1689
2415
3062
8306
4650
5459
7694
7722
-3480
-273
5634
801
3730
-996
6074
-1353
6477
7675
1592
-3213
9958
5627
-7
1933
-2664
2873
-4505
-1533
2146
7781
3227
442
3570
-2507
-4957
4135
4208
-4639
-2114
-4888
6112
5542
-1888
-365
9887
-749
2968
9442
-2687
0
2137
7671
-1084
2479
2153
3225
91
2626
-520
-2733
-3930
-4654
3881
4941
2256
-4413
-1624
3227
915
-59
1947
9574
5588
1070
4498
-4299
-305
-4948
7841
8665
3164
8259
3375
-1478
-2747
4836
7539
-3390
-3660
107
2864
-1079
-4357
-4610
3706
-2130
4468
-4580
9168
-647
-2356
3583
-51
-2425
8292
-4706
8386
596
1972
3721
4535
-1739
3475
5911
9837
8663
-306
-4847
-238
-1306
6728
-2851
-4024
-3747
-4103
5602
-1041
5955
1677
9459
3797
923
-4759
9250
3425
6382
5553
-1194
3125
1050
2056
-1278
-1885
2468
7182
1094
5005
5879
-1155
7997
3519
4197
-1776
7947
5359
3923
8370
3165
-2440
8615
7587
7036
2318
-2345
-2699
6194
9227
5658
-2588
8473
-3656
7009
-3171
4297
3454
1669
201
-1904
9675
191
-522
-3251
9565
-2313
4041
-118
2108
-3046
-4330
-1783
7103
-1317
3278
6501
412
-4284
-4733
-3693
3385
1377
2633
3849
-2565
-4008
3269
7652
-2491
5092
-577
7294
3992
14
9087
8054
8993
7902
3216
6108
2861
-2540
-2754
6255
-2915
-2204
8026
7416
-645
4712
-345
8084
7721
-4641
-89
-4568
9885
2217
7607
3119
-1583
9885
8965
-1529
8857
9904
-985
3487
290
154
9576
2494
-3679
4632
9019
4115
2324
8890
6100
249
-2334
-4346
1815
4764
7870
-1904
1494
5826
8058
6045
-3815
899
4087
1542
8192
-2545
9059
4984
3154
-567
6087
-3298
-2624
5562
548
9236
9669
8259
-2433
5584
-105
-792
2915
-1730
4870
4846
-1789
4034
9332
-3412
-1381
7295
3964
5238
-3649
-1758
-952
-3891
3097
-2024
980
-2504
-1579
-1995
8202
1211
-576
2860
-3406
3792
1442
8429
-4759
857
9514
8624
8357
6860
4170
9569
7644
-1165
9115
-2183
-2669
4087
2116
5079
2862
-2409
-23
-4935
9713
5166
9005
-4842
5511
9730
8741
7327
-2646
-3110
8777
5442
-3753
7989
3189
6018
5546
6219
-2577
-774
-4603
7369
257
1143
3275
5286
2552
4779
4991
7168
-4460
5485
4601
-2459
5604
1720
-498
-1095
-312
9593
-33
-785
1756
-4359
6774
3523
1133
-2651
4089
8952
-2487
-2268
3388
-3021
-1395
-1577
-3400
9138
1333
-2579
-1787
881
9595
-3339
-980
2585
-261
5980
-3145
2871
8465
7242
265
7707
3333
-748
922
1561
5315
-3591
413
414
1498
-2272
614
9427
-291
4544
5581
-4356
286
9015
3765
-894
6848
8014
4197
-2038
7712
7017
9571
4759
4604
-907
5771
3283
8364
8339
-4904
7722
-2230
2934
6967
9
-781
332
4017
-4391
1163
-3538
-2770
1815
6277
-4145
1968
-2531
2790
7903
3699
1585
-1778
6968
5702
2700
-4050
3727
3373
2536
3906
8475
326
-426
-1281
3644
2815
7744
372
2212
9699
3010
125
-2044
-2483
-3064
9338
875
3138
-3164
-4117
-145
7879
1506
3910
-802
9922
1893
7464
559
-4709
-2763
4765
-3638
9633
7659
610
5251
-2570
8835
7942
-4706
4727
-4148
5911
6212
4817
168
-2915
4201
4801
-2922
6019
4343
4936
6449
-3
9564
4148
-3231
-648
9218
3584
-3532
9756
-2971
8471
-3645
8392
2627
511
-3611
2441
-3537
4677
9696
3832
4246
-1901
7743
9175
3615
-2776
7419
636
-2393
5323
7207
-3755
8545
-1353
1404
3799
308
7379
402
-2390
1330
-1195
-515
4106
-2405
-3481
4214
-3630
789
-2008
1919
5008
-2358
9927
-289
-4708
-3470
-3457
8903
-3320
-731
6085
-2092
3267
-2978
9884
-1152
7689
3312
5159
7462
4021
-4514
-895
5579
4301
2688
-2343
-4805
6162
9417
2302
-2996
6167
976
683
7481
8246
-3056
3170
188
965
-1673
6753
1595
1225
-583
1247
2669
2386
7380
-2417
2986
-381
558
9099
4529
7539
9787
-4949
2699
4696
-1974
2237
-2964
9591
2499
7338
-3157
-3486
5938
6477
706
8052
-3292
4229
526
-4005
1469
4984
-4174
5178
9460
4807
-2191
-4103
8616
7910
5015
7534
8154
-4706
-3945
2273
2262
-4533
2562
2728
7824
7173
5100
8097
4553
737
5355
139
7576
9959
1481
-4728
9312
-3400
9206
5836
-4893
289
7001
-1096
-54
4542
8100
-2392
4578
-3204
-573
-642
8503
6605
-298
6427
2891
-3855
7621
228
4924
8234
-3367
5188
1697
-3902
6282
2645
2618
-4268
7469
8861
7783
-1368
6992
-4667
4077
-4333
1087
-1114
9253
-3426
4855
-396
1945
6183
9830
5720
-172
7480
8583
726
6202
6564
1119
2066
-1961
-2254
1740
-3317
-3382
2092
-2009
8338
2496
-1719
-2062
3593
-1582
-4425
8047
5708
-2106
6324
499
2684
9614
9580
5933
-3562
8889
8686
7990
4167
-1366
5492
7043
9521
6589
5890
-39
8258
-1720
-4265
-280
3037
-3026
2894
-1358
-3014
-1154
6836
-4059
6467
7987
-2465
-3125
-2726
-819
6896
7595
-3599
663
-1905
-1758
5955
-4909
-440
-4429
9022
1656
-2998
-2890
9814
1988
1918
7466
8024
-2042
6364
7005
7090
1462
8769
9920
4341
2829
-2869
-2593
7029
-4954
435
4038
-4017
1808
-2853
9471
3069
-1789
9034
-2507
7044
-3753
4262
452
4634
7967
-4017
-129
-2465
9186
-405
9205
3512
3796
8381
-695
-453
-3494
-3422
8336
8282
1907
-3024
-1596
8650
7026
-1117
4369
-4975
7014
1958
5828
563
-3507
2471
6799
3397
3413
-525
-79
5534
-3969
-2522
-3036
9120
9941
-752
5078
3003
-4216
3154
1142
-2496
-3887
7375
4155
-982
3019
-3099
1543
9348
2922
9907
-1211
7275
6033
3797
-1554
1269
-1308
-4465
-1770
-438
6103
3612
-2295
8
7912
922
-4686
5610
3483
-4423
5678
3536
3506
-4269
8868
-4050
105
9934
-3911
8088
-718
3994
542
-494
-2808
678
57
-4035
-3557
-3795
-1481
-4662
3351
7291
1202
4912
7534
-1586
8530
908
4556
1571
8467
8443
-874
-563
5247
8821
-1126
9951
5386
1887
-3993
-4303
7200
-1416
6144
-1480
8714
-916
4215
-1076
-3266
-4327
-2751
6552
2247
8559
-2064
4114
6400
879
887
1658
5400
-1868
1912
377
-3977
-718
1543
6339
7828
6511
-4923
3818
-1230
1862
-3151
-4357
1345
101
-2901
1205
9134
1652
-861
7820
1401
8206
9561
1941
5375
4434
-4616
8328
7561
-2737
3505
-3482
2005
-30
2141
2177
4640
-2809
2406
-4372
2214
-2749
1551
5889
9769
7365
6657
2907
7438
8110
-4622
-3631
6419
1397
690
6101
1863
-4207
8663
-2444
-1024
2652
4515
8375
-341
-852
2703
1588
6875
9016
6463
4614
6490
2237
7127
-2817
-3923
3599
7616
5328
927
-1811
2972
2585
7416
-2631
-2233
-3301
7664
731
8267
1981
9951
-4941
7448
-4972
3074
545
8607
-504
5112
7199
-2883
8625
1847
4306
6288
1160
-4149
1513
4795
-1792
4326
7285
-3172
-3082
3261
8313
6569
7464
4537
1099
1904
2995
3378
1315
9846
-263
-1632
3674
1516
-2393
-4835
6878
2463
-2130
7438
3705
2964
-1286
2263
4036
2986
6719
8386
2889
-4636
9201
1203
2924
-2922
-131
9059
6220
4783
4243
4960
-1762
6464
4223
5942
9691
7217
4956
3287
2678
8495
1692
794
3421
-1159
-4805
-4304
3797
3147
8649
4948
526
5796
6626
-3318
6149
86
-1802
1868
723
2405
8244
7328
5537
4752
7935
4211
2137
8315
-3526
4893
2407
-740
6031
-428
9482
8171
8806
-2010
2190
1235
-2817
6765
6694
4786
2941
5208
7265
7758
-1656
8212
4728
-1845
5442
4479
-3144
7717
2928
-3009
-246
7110
-1085
-4403
2641
5274
8026
186
7570
5301
4344
7773
4152
5400
-1368
-4140
-1615
4418
-710
1788
4011
3414
3347
2942
-106
8953
1694
-2086
3100
2809
-3751
6949
-4359
5263
4750
4762
1312
7081
2715
9464
3786
5161
6735
2928
-482
-535
354
-589
4293
4879
8736
5129
-30
3981
8731
-2237
-4921
2620
1172
74
5933
5361
6690
-4147
4545
5417
9396
1320
8046
8222
-3126
4900
4805
9269
-3036
-2991
5550
-109
3472
6322
1112
4327
-1835
-2144
-4866
-484
4442
-4065
7835
3070
-1422
7402
6157
3525
5931
1206
6150
1838
-1573
8359
2846
6926
-1229
8748
-4755
5016
3411
-2481
1951
-1555
-3101
-413
6157
-4137
4685
56
2592
3022
7921
-1745
-4365
1335
-4865
7932
839
513
4376
6748
5881
-3695
1178
1978
7326
8954
2944
8867
7229
7265
-254
4820
-1442
9388
316
1661
6340
4362
-2595
1318
-3277
1137
8139
-444
-3550
6952
149
-3069
-1464
1884
8640
-628
8107
-1195
-1172
-1980
6525
6404
-1855
2813
-2087
4786
3791
4941
-4151
1801
9487
2501
-3055
9043
249
7007
9402
-3269
7623
1145
7403
2545
-998
6088
-3327
1554
4616
8764
-956
6618
-4135
9502
3916
-402
-868
-434
2080
-3130
-3552
9784
6001
2984
-2129
3005
-3021
-3638
6695
8053
3215
829
4098
-3785
4133
2831
714
6555
563
-3570
-3464
2236
-2261
6295
2501
3371
-2934
8115
5019
-4671
9040
9420
-3851
1398
-2378
-2737
778
2520
4996
3496
4527
-2370
137
1993
-121
8367
1086
-4764
163
1949
9227
-428
-4238
-2122
9174
-4543
2625
8148
-458
2638
-4674
-583
1202
6500
9191
959
-703
-2967
1608
9354
9488
-3950
6208
9529
4983
-1250
1674
5561
-2530
6371
4738
8297
9408
-4896
-4532
-684
5960
2949
2736
7567
3024
-4389
9060
2108
1209
1857
-24
-3120
4384
-2517
3985
4034
8456
5111
6793
7059
-1605
-2428
7377
1612
-1605
-4446
5001
-1798
7514
5162
4935
-2323
-2179
4064
1238
-2279
2437
4451
-4737
9948
-4952
6014
-4484
6353
2512
-1413
190
-1101
-2044
435
4970
-4054
1757
8071
7047
-3012
3158
4847
-4277
5868
1673
7320
5686
9894
-217
5338
6820
-339
1740
6717
5178
-1774
2499
2138
452
-722
9604
3737
-919
9905
6015
8395
6035
5561
-2272
-594
8826
9375
-1350
-857
-3889
1478
-2648
1386
-3241
8209
-4991
-644
-1006
4324
1259
43
8175
4053
9727
7276
-1581
-2990
114
-309
-3567
2519
8771
7941
-4503
-2457
7944
7309
8073
3549
8884
-2613
8464
-2735
7425
1900
149
-1139
-1285
403
1971
4597
213
-4063
-2730
4231
1270
-1871
-725
1829
8449
7025
1846
-1328
1011
1122
8402
1944
4897
5109
4661
7012
-4158
8701
7032
5647
2521
6721
5540
4390
-1455
9868
-4667
-1208
6130
1083
6557
-3862
9554
546
6769
8782
5194
-1530
1619
-284
-240
9932
263
-3958
5845
6601
202
-3154
-1803
1717
1473
615
-2789
2277
-4645
-4356
8568
6173
7866
-3432
-1223
3597
2843
-2833
829
6143
8365
9883
-1199
-4947
-2390
-2286
400
8398
5304
2688
2703
4603
4510
8805
-3923
9945
206
5880
2412
6120
3062
-2784
1417
-4545
2817
9883
-425
9232
3073
65
-2444
6913
4253
-4330
6866
2534
9245
3216
9575
9056
-3538
-3190
5231
5926
-4067
3609
6067
8727
-3123
801
7710
6323
6239
3002
4535
2063
8319
2230
-4882
996
-2135
-1443
7467
-2826
3510
-1450
-136
-4456
-1133
-2315
283
-84
-1093
78
9915
2496
4147
-4402
8702
4858
6910
-1728
5617
3132
2937
4131
5161
-2795
3794
-3583
9158
2368
9157
5619
5043
4587
7791
2134
-1239
6921
5105
8660
5697
8503
4496
-2272
4486
4774
-2227
-2312
8157
-3741
-2664
5396
4287
-3797
576
9370
-2603
-1761
5136
-403
9206
-3404
4190
-3284
2483
6458
2095
4890
6753
8030
5421
-2951
-2985
9795
-4665
-3130
6615
7738
9741
7668
6021
6902
-179
3818
3058
8801
-3369
-2122
2846
8943
5509
-942
4684
8599
-3720
-1399
-2556
3938
-918
7006
4362
2740
1127
1569
-4387
1606
-3620
4111
7986
4754
-2470
-799
5853
2342
-3667
2934
6134
7935
6676
1579
9113
9725
7326
6336
9910
-4725
2744
5620
9138
1167
-584
5320
-1062
6545
2282
8586
-1328
2718
847
6479
3402
-367
-3816
8625
6888
9123
1608
2392
5285
-3496
-3430
8292
5364
-81
9629
-1055
-1055
4751
-2033
-4289
-437
1724
605
4968
5850
5643
881
-232
1470
7710
-2439
-1256
6025
2230
-1164
-3617
710
-1645
-2971
177
3927
-4520
4727
5039
2410
5581
-3753
-4068
-2943
-1869
-2608
369
5035
-4774
6004
2264
3492
6256
8079
7321
1339
89
6261
5646
-1294
6363
255
2123
-628
-507
4830
-3850
9147
895
9576
-2294
5510
-3196
8575
-4074
-4296
1842
3097
2183
5424
5754
3721
2071
2827
9397
6624
-2180
-1593
6868
-4342
4043
5562
-4168
7511
5236
7091
-1943
-2418
-3426
3021
3914
-1143
1100
1222
-2482
7985
8318
2921
1270
-2059
8614
754
9350
-4515
7630
4182
1152
5230
-1367
9222
3342
-3
997
-696
-3924
-3793
763
8669
-2226
8961
2060
477
6814
4582
-3313
3888
-3474
9734
6246
8953
5434
5091
2515
-2402
-3345
-4495
6166
8865
2539
908
5656
-1038
-56
9005
2633
7916
5071
3096
1581
2587
3003
-4873
6780
7606
3192
-3253
179
1399
3845
-1031
5648
8058
6919
1187
-3259
7784
5427
-2669
-3581
2843
-4228
8168
3723
2731
3383
2747
-3084
7011
3860
-589
2205
5090
3327
8193
5270
5410
-2015
2011
5012
-245
2848
6814
276
7609
4198
-542
7501
7447
7690
377
7114
1865
7985
6170
6352
-4253
8112
8092
3166
3516
-934
-1591
-3765
5826
7165
9955
1903
-2214
2520
-3367
-8
-4137
5654
-2156
-171
2693
6609
-4801
7130
-346
-2409
7637
4508
-2363
13
7225
-1574
2332
6126
-4814
-321
8124
2687
-4368
-2293
1288
8017
9756
2258
7494
607
-3117
-3821
2688
503
3794
-907
2727
4890
778
1276
9561
1188
-3566
9382
9498
-195
-3805
1305
-898
7103
6048
2452
-786
3704
3277
2192
9431
2979
9671
2689
6695
4656
7688
-1599
6098
-220
5508
409
8400
59
7785
7555
3259
-4757
2813
3386
5713
4143
6893
-851
7321
2973
2191
7642
-2509
7845
7300
86
-3599
8579
-1411
6509
-1016
-2531
-1601
9949
6727
5265
-914
3639
7437
-1972
6899
4092
2890
916
-4701
8176
9470
-1758
4953
5812
-576
5080
7252
3081
7950
8672
9140
8909
-1612
5371
-430
6898
6741
1390
9610
3624
8467
4508
420
1240
1043
-3818
-236
3776
996
-1119
8061
9575
-1457
-3158
2186
-704
-2180
-115
893
-5
2541
4170
7366
-3377
-3656
4852
8335
-3489
-4546
-1783
7377
6397
-2725
-511
4658
7499
7214
9551
9736
4241
-2561
8848
-2992
-2733
-1364
4488
5639
3930
2995
9991
-4879
8447
7912
4510
1670
6014
3274
4113
5105
9350
8683
-2543
-3578
139
-3952
6232
897
7498
-3575
8616
7785
-848
9695
8065
-1777
6490
333
60
9197
5623
9740
9709
-2030
1720
-1274
-3200
-4739
5716
7084
3431
3878
5620
5891
6289
9032
-3422
7683
3828
6569
6688
-4331
1485
-3706
7271
-4706
-686
5618
5286
-2129
-1778
6918
9003
674
-3078
-521
-1928
4329
-4575
-2472
-3667
3623
9068
393
8252
-418
1251
3459
-2152
-1285
-3778
-878
-1404
8515
6282
9673
5882
2716
-597
-3136
3703
9132
4867
6685
3767
3296
7830
8033
-3714
-21
-3824
1386
-2218
-614
8830
1414
-2103
5690
-4136
388
3492
4575
4437
-35
9830
2299
1591
5740
-3596
-4605
7168
1811
2521
4552
5427
-1151
9460
-1461
2923
3202
4352
3151
8088
-1641
2720
8516
-4514
-12
4731
7167
1489
9116
885
2033
5507
9277
-671
9294
1625
1352
6336
-2997
3988
7522
-3150
-1253
-3285
3030
-3642
-1366
636
7884
8097
7416
9889
-4641
3714
9593
2011
311
4302
1773
173
2873
3069
-3663
9923
1956
4817
-4353
3024
9456
1807
7418
4687
4599
-2383
2758
4519
3376
6652
9079
8485
8908
8208
-448
1426
831
-3815
9238
6215
-3233
599
8148
4739
5214
248
5442
-4177
6376
5391
722
809
-1843
8709
-4302
-633
205
695
6114
4242
1977
-3865
9295
-2437
333
-2595
5802
8654
9402
-2998
7023
9414
3136
6342
4296
9885
2577
6537
-3875
-6
-2518
-3481
431
-743
2843
7265
8120
428
-3439
-2000
2660
-1692
-4127
5118
3831
7232
-4561
-4935
5996
9307
2614
-62
3513
1412
3923
141
9073
695
363
3291
-3966
-2681
9121
-1829
6592
3357
7787
-3983
-1298
6585
-4719
-3714
6061
7484
8154
8265
-4149
-3660
5487
-220
2082
1029
-1219
-1046
-2253
3825
-3901
-2651
1794
1483
-2677
-973
2917
4448
-1201
7387
-4605
-3767
-3485
3681
3843
7144
7860
1172
8019
7963
4616
5002
5306
2577
6345
2491
-3002
8467
-3168
-1396
-2918
-3230
1809
2897
-3557
1554
-3500
-2011
2291
-637
-3059
6350
6975
4970
5825
-1347
-4316
1642
4076
4734
5470
3412
-2658
-314
674
2316
7153
-1386
8452
6783
2121
-2474
9394
7025
3973
7889
2230
3511
-4899
1637
9501
-3504
-1546
2310
6128
9246
6501
5801
9558
-4726
-4528
4260
3251
5417
8301
9958
52
-2754
-3950
9180
6358
9039
9209
9452
5661
4770
-4031
9859
-2816
57
704
170
7672
5824
-275
5602
1236
4474
-1223
-2081
9400
4106
-2464
-4945
5455
5196
-4666
7309
9169
376
7244
19
9002
663
-25
3395
5752
-1406
615
-1451
5128
-2610
1303
-1142
8598
3572
1190
215
1612
933
-3527
-2065
8147
420
-3543
3773
-1956
4497
-3324
4451
3602
8000
4024
1932
8924
-2970
-406
9146
7888
5576
7646
8295
3267
514
8769
-2026
-848
-1095
2572
1165
-258
169
8288
516
-2452
8847
2666
5238
3320
-3922
-1769
6869
8744
6394
-1010
-2524
6455
9202
-3685
4884
4100
-1452
5080
9651
-740
1452
-1817
8557
7804
6078
-259
1481
5669
6948
-490
6591
-51
-3534
-4976
7410
6337
7366
2564
1136
5947
-544
-860
8179
1821
2777
-1490
762
-3518
-4346
-695
-1786
5571
7219
9506
-2686
7226
-243
-172
2244
-543
-1971
4066
1376
739
1828
7414
1392
1378
9351
1613
209
2738
8908
-1671
3905
7279
7553
9656
9547
-657
7532
4014
9749
-3661
1527
9532
1837
1580
9688
-2028
-2092
355
5931
9644
6603
7216
2333
-2322
1774
5049
7999
9195
5903
9281
-16
-2895
2026
4034
4724
3939
6072
6574
-418
1093
5325
1210
9058
648
4561
8509
3122
2049
5600
7921
8742
4629
947
5947
986
-1873
-4492
8358
931
9406
-1565
8748
3598
2474
7386
8350
9012
9766
-1217
7778
2879
-2008
3833
6744
1915
-2816
6891
9427
2588
8168
-1822
-3968
5797
-800
-1945
2200
-4411
1315
8852
-3887
-3672
7791
1221
-4948
2830
-1003
2483
3557
-1887
1289
-3856
1117
7144
-1201
9166
3662
1754
404
7768
8994
836
3306
-890
3754
-3055
-4286
9874
4178
9295
3624
2031
3702
-3239
5701
7018
5363
9197
8399
-75
8663
-1948
7820
9380
-2118
7864
-4496
5961
1483
9606
-4369
2953
8311
9891
5736
-3404
8562
-4094
1717
9519
2637
7261
3542
2894
5468
1612
1123
2715
2464
7629
292
6434
5135
7404
7046
6265
4926
2016
-212
9827
-350
3826
444
-46
-14
9431
8964
7116
4103
2802
-3664
7007
3294
-303
-4299
6512
9587
6529
6554
9857
-1212
1111
505
-3142
-4623
-1235
5856
-988
3907
8265
-1375
2299
9475
5661
-532
1584
2475
3662
6399
8888
9805
3456
-3269
4235
615
-1132
5452
2072
6903
4829
1410
4339
6322
9564
610
9800
-4582
2196
8739
4174
9336
1351
5778
7959
-71
7676
2310
79
4643
8387
6725
-2356
2509
-2134
4418
8730
5883
-1461
-2550
1243
-727
7619
-3962
3547
-3491
-2193
-3204
5237
4389
-4827
8397
-4841
-4660
2374
6429
-736
5285
9042
9970
8073
-4926
3059
210
3782
4862
9316
2933
7693
2743
-471
513
8073
-4940
7002
7848
54
7703
8856
5478
4480
9983
-2443
5059
7104
4927
2493
-342
1597
3008
6184
2059
1998
1242
1218
2227
-80
-758
-4626
-3767
7340
5393
-76
8032
3258
-389
7600
572
3271
5745
7319
-1809
-3883
-236
8288
689
4902
-209
2593
9416
435
-783
9994
7741
-1811
-3408
2565
-692
9831
-2742
8342
8092
-1199
6405
7294
7399
4031
-3189
-4802
595
9814
8273
231
7706
1250
-338
8746
-522
-4702
8029
-1504
-3456
913
1367
-3653
5840
2261
-1974
9813
4249
-1724
2497
1560
9847
3155
5738
6231
-797
9112
247
9048
3054
3931
4124
1892
7585
-1826
4945
-2151
-135
5234
2869
-2320
4203
-4475
6964
4569
6779
-671
-2309
9675
-1648
-1581
5294
8061
-3072
9553
1040
-2477
5581
4894
-2234
1838
5566
7886
609
-3718
-4131
-3246
-3434
9941
-2003
6460
-1413
8937
5805
6759
307
675
4985
1187
4394
2412
7308
3083
2691
3484
-2210
978
9613
5740
3810
-2266
6436
-4675
353
7012
8441
644
-3019
1502
-1529
-2552
-1259
7246
3952
-1780
8148
3638
-2131
3146
3335
1011
1856
-578
3217
-4913
4340
7942
-2387
-2465
-980
9649
903
4719
1464
2194
5784
847
-1537
-4720
-2939
9288
-4497
-4625
5037
5704
-1741
3621
9338
3666
12
-4108
8693
-736
-3439
-2070
-3828
-3720
4967
1764
4113
-2155
9399
-3914
5558
-49
7542
4162
1981
3554
3336
853
-2895
4801
2704
-3780
1165
7083
-554
5893
4925
-3613
-95
-4260
-65
-1394
2559
5185
9549
7732
3834
-3172
6139
-3795
-1979
453
2003
6945
765
8373
3259
294
-3453
349
-3275
1911
608
6767
-2884
1433
8191
6022
4710
-943
3534
5400
-3908
-2476
-2289
6313
3287
-3979
571
9580
3254
-4191
-3614
3732
6636
-380
-4147
-1399
1761
6043
-3957
6395
6734
8172
5100
9586
-4801
4460
9099
-1698
-1877
-4555
-2067
8849
5375
2040
5897
-1971
9544
-640
4991
-3644
9925
9648
6330
702
447
1141
-3296
5027
29
-4848
6821
-3214
5867
4836
374
6268
-4703
6991
3573
-5000
189
2871
2452
-2812
-4762
7232
2975
9492
1415
5499
-1519
9608
10000
-3439
6929
-4767
3671
4510
2134
-927
136
9182
-3504
4608
8937
7726
68
1178
1463
-2536
-3519
5507
8983
-2965
4064
8163
701
7587
2073
-1390
6122
-1476
-3718
-4687
-3753
352
5317
8200
-3361
3176
1277
3437
-2447
284
6061
2051
-228
4999
-3109
-1044
8292
-934
7462
3004
4439
7261
-1618
5083
6376
7544
7076
6349
-3712
188
-2109
-3088
8066
-2482
-3921
-1874
6818
7572
6529
6108
-4848
2719
3551
8440
5869
9042
6401
-4250
-4617
492
-2551
-519
6738
-2762
-4461
-474
-1721
2041
3390
10000
3954
4052
8249
8736
-4137
-4991
-3447
426
6446
9112
3590
-3383
-1188
1733
6132
7419
-182
4963
-4010
5657
7540
2705
3784
7281
7336
-4922
8889
-3270
91
-3501
-666
7037
4871
8844
2469
-1105
3716
2544
132
1311
8245
-3327
3153
2326
-186
9416
8689
5933
1072
9077
3570
772
3538
7009
4392
1739
-3847
1807
9979
434
3656
8344
7619
3973
-3775
2210
6132
6197
-1756
6364
8927
9117
4964
-2460
-4410
-2848
6671
-3447
5832
-673
-4509
9835
-2747
4304
7380
2333
1075
2454
-1639
5552
5768
-3541
608
2507
-430
8119
2217
2929
7965
-1150
7736
2036
5889
4147
3007
2454
1841
-2923
2597
-1954
7154
4703
-4474
-4459
2059
2050
4991
7935
7555
-2521
-495
-4975
3261
-3009
8781
-1319
-4215
2699
-2280
2409
9699
6561
8100
-2446
9786
-3308
4253
4715
2132
1257
-4867
1461
1623
7397
-1030
2867
-4170
-2894
-1854
6954
7102
-1933
6207
9609
5645
4725
246
-575
-4058
5075
-3311
9874
7212
1681
49
9989
-2959
-3870
-1791
8789
63
5721
6762
-828
3714
2569
-2272
3306
9102
9252
2354
6159
7901
-962
2256
3617
-590
9335
9587
7118
6782
-2786
8317
8532
-2873
1717
-1375
8095
83
-4599
8635
2662
8961
-87
3195
2396
972
-3784
-3369
9622
-4150
-655
9846
-595
-4514
-3314
-4976
9466
-1250
408
6639
-402
-4181
-4140
2727
2322
-3092
3947
5521
2102
3050
-1607
856
2828
8462
1905
-1704
3481
-1292
8695
5585
-2559
279
-3804
6248
246
-4045
8187
4898
8359
-2702
9166
1296
9493
5614
-1469
4715
9681
6403
3180
-1523
-1224
-4782
-901
9897
-2369
660
-45
6963
5743
6246
1450
-448
-1397
446
-555
1762
9608
3499
-1928
7645
1444
734
-2814
8137
6842
-3041
-1697
-3916
-159
-4339
-3468
-1151
2930
6248
1356
8582
4044
-3793
-1005
3091
-2379
6993
1271
-2406
-3816
6172
2084
4387
1577
1858
6008
-1570
5949
9396
2873
-4532
2457
4185
6734
7957
5833
2158
4921
8039
8337
9877
-855
-4971
3087
-3775
1205
-2710
6439
2201
455
-4273
5801
3015
-1614
-4885
-3255
-458
1317
3610
5153
3355
-668
-1788
3321
9216
5248
6917
-4284
2891
-856
728
-4362
-4480
3769
-4105
8495
1558
9667
-3173
-3983
7215
6026
1927
7111
-4459
-4462
3423
3059
-1522
5187
-4243
528
427
5695
4270
1988
-3552
-955
3962
7011
9182
6662
248
6286
1506
1836
-2120
4063
-3910
-3081
-2874
9216
8782
9178
-4814
-1822
8685
9776
8733
9578
8975
2720
5513
6665
8600
4685
9393
-4102
-2446
6780
3510
-1795
-4409
9216
8516
-3296
5660
2166
-1020
1144
866
5449
778
4684
7166
-1434
934
-1192
374
2590
6262
332
8436
3042
2390
9036
-2050
729
6258
-945
-1872
7513
3125
5443
-1404
-2828
9524
9217
9929
3513
-3867
2693
4532
7343
3032
-4997
-867
9815
1260
9209
4878
3462
4423
5122
7092
-4389
1503
-3878
-3597
9550
5782
3033
3873
-2509
417
5170
541
2424
-1866
7372
-920
2705
-2919
-4061
9528
7107
8406
4218
9256
-2615
728
9538
528
7271
4131
7478
-2874
-581
1688
-1163
-1568
8727
2136
4585
9007
7134
6101
5763
2634
9425
864
-2635
4900
-2233
7895
9012
-2750
8102
5682
-4545
8116
-2941
7870
9314
-4623
2854
-1049
3958
-1756
-83
1647
9220
8562
703
5158
-1037
586
5856
813
-1980
6027
6336
-4110
-3346
3677
3926
422
-1618
-2620
9208
-1798
2927
1346
-2835
-1008
6248
-1574
4343
2227
-4976
-3714
9470
-2915
-3212
6872
-2826
4712
8807
7631
2058
5884
-1743
4329
4347
4287
2022
802
1271
-3797
5778
6478
4026
3400
9822
2375
8266
-3758
7607
9964
6428
6702
3776
-1570
-2247
5877
3537
2716
7447
3803
1412
5773
2282
6
8380
-3504
3915
3948
7747
7888
-3894
8695
-3104
7922
901
8987
7615
4381
4670
1572
-3852
7907
-3054
6819
-3521
-1911
6390
-2706
5914
-1080
690
-2224
-3569
6882
1531
891
4426
-3984
1681
5928
3475
5825
25
5646
-3521
6636
1867
-4178
5021
3069
386
8834
4300
7497
-1015
-1048
278
4466
3039
1550
-3389
1048
6835
6163
3132
5294
7596
96
-4022
6158
274
-4517
-4982
3391
8800
-1015
-3913
732
7655
-3226
3644
8175
7301
-1596
-3707
3982
1267
8686
-3691
214
-4751
1832
-1649
5045
4202
-1630
-3088
772
7486
8524
-1813
4832
-1133
2300
-2979
-4465
-4461
2962
2212
7449
-446
-1947
-2765
7928
-1928
-2757
2707
-2784
8428
-1895
8125
166
-2615
3771
-288
5016
3701
724
6968
4020
-352
4937
8486
634
8877
9727
-2963
7448
9711
-376
-685
6938
4656
-4429
4298
5659
-2023
593
-1559
29
8252
4212
1400
43
-1825
2763
-2399
-4626
-4485
-1775
4367
7623
638
-3877
-3842
-657
9711
9894
-1228
1083
-3786
2687
1313
9046
7363
2462
7012
796
5356
-1877
8244
8348
2611
9814
-1435
5734
8274
7118
8993
6000
5034
2356
3590
-3492
4608
2163
6941
9125
-2653
-3687
6784
6016
8012
6030
945
4855
-1553
-2620
1735
-1605
-3887
1707
8912
1546
-2461
6563
6377
6038
-2202
-3055
7729
-1836
1849
-630
-2479
3536
7345
-2589
1135
4140
4613
8342
-3833
7535
-4459
2361
6451
5968
3046
551
550
4145
-512
-4889
-4206
314
8021
3220
4812
-4346
3157
-4500
1305
5985
4369
-2089
596
-1185
-118
-2703
-3267
4382
6807
-8
-115
4456
7055
5003
6218
-3933
8357
-2905
6828
944
1069
-3810
4079
7475
2583
-1430
2500
-3196
-1180
9900
-2265
5104
3732
6192
-2198
-3435
4680
2124
-638
-2564
-936
373
-3193
2273
7067
-2343
-2454
6484
-2545
9092
-605
5260
5539
-1909
-4762
9277
6665
1443
-2291
-140
1863
6915
6639
-2364
8497
9711
-1574
-1868
1581
557
3700
9553
1208
7988
9575
7311
-2091
2976
6173
-234
-276
8290
5778
7660
2540
-3888
679
-4062
6063
1324
7561
3894
4346
9549
9883
-267
-2739
3919
5348
-4773
-4683
2284
5714
-363
-446
-1701
7917
9871
53
497
-525
-2824
124
-3460
7229
2999
3149
1491
3574
-1877
8027
9291
8437
139
-2765
-4206
7000
1479
4861
8422
3794
713
804
9574
-1777
2658
-1861
8100
5408
-2030
9335
-2566
5609
3394
9189
2162
-4727
-24
2586
2116
6397
-4482
-3322
6254
3062
9427
1029
7413
7979
-2714
1884
-1351
-1175
8960
-4823
322
9865
7368
-4407
2539
3580
7079
-1233
956
-3355
-126
1692
1677
9597
6529
1449
3359
-1671
-1472
-1099
-699
-321
-3556
-4278
6507
9943
2630
-2378
2651
-935
6698
510
7980
8606
1061
1066
2397
7835
-2338
5197
7800
1213
2822
5722
1470
6489
9262
870
355
5808
-2743
4879
-3917
8195
-1459
-2051
4103
9256
239
-455
-2363
-106
280
2841
-2046
670
2496
2617
8928
7905
4567
6700
1641
1773
5794
-4255
-2154
2709
4696
8554
1571
-1142
5310
6348
2791
7310
1253
-1702
4663
2306
-739
-3805
2050
2376
4721
-935
9859
-1641
6932
-2687
6190
3162
-2438
5379
1238
6065
8866
1181
-2333
-1874
2753
-1803
4678
-3090
8763
178
-4525
7528
-2507
9340
5783
571
8901
1938
-3260
1912
-1916
-2646
8973
9242
-4175
385
-3966
9796
-2056
4018
1680
1551
1050
8155
-3545
6399
-4159
-4817
142
-4744
6913
1124
-625
2035
4171
2983
3886
-4876
1545
3041
1936
4367
6900
8423
204
458
3701
1759
8117
9376
38
2195
7654
870
-2081
1750
-4830
-2716
-3359
-2341
5778
6876
328
9648
1617
7545
-600
1888
-3671
1964
6784
-642
-3530
7605
8114
2686
7559
3203
-934
2006
9003
-183
9955
-2046
5624
4096
-4599
6637
7891
6647
4289
4242
6904
1007
-4303
8917
8494
4561
8961
31
8620
-2752
6207
-1224
-1341
9415
8930
5285
8008
-4634
2801
3930
9802
-1284
-966
7747
-1815
-3735
-4453
-514
-1490
3894
-1356
1074
7986
-2342
2369
2138
-339
3262
-4498
7192
-2779
-4458
6858
-4169
-4577
5665
3142
4135
6497
1410
-3948
-1197
-300
657
-4665
1555
-4028
1218
-1887
-4165
4682
6629
-1395
4606
-2862
-4254
7567
7365
8184
-3689
8171
5840
-4482
7956
1325
2695
9806
7214
9577
2619
7519
2733
-1643
-2985
8038
4171
3737
3139
668
1969
1776
2500
7943
2442
1934
-2255
2875
-2912
-117
-2055
9151
-1517
7459
5615
-737
5080
1073
6912
7463
-2845
833
1233
2569
8718
-1725
-1116
9887
8272
-369
-4769
1545
-3832
696
3246
-2469
6140
5725
2241
3603
9142
4118
-73
4968
3600
6409
7527
-1671
5342
3127
-4928
9482
7303
724
4263
-2844
6089
5850
2423
3181
1980
1852
3217
-3898
5080
1221
844
586
-2148
-1966
-2719
5885
5704
5468
-4277
3261
-1715
-491
5351
6622
5789
-229
-4680
419
-640
4840
-3709
-4614
2505
6438
-4264
4838
6368
1173
-1472
-4906
3664
-4807
9769
1829
8919
-2857
8778
9481
-586
-1672
7406
876
171
-2381
3231
9729
4195
5815
4548
405
-3695
8335
3862
6463
1941
4573
-2442
-3492
-3781
-4286
5212
8475
-931
7604
9945
-631
-4537
7797
-4820
-570
7346
8159
913
2720
1138
8362
-1613
345
-56
8393
-4826
7429
9889
707
-3910
-933
7818
2558
-689
7811
7978
-1379
6894
8183
4528
-2390
5172
9408
8593
-743
-2444
-3368
9561
-1826
6802
2107
1427
8075
-2860
1598
-1528
-4594
-663
-1120
1544
-4288
7479
2947
3209
4792
-1417
5353
6485
1945
-1763
-111
-3393
7434
-3312
-889
9578
1735
-750
9998
-4595
6791
7100
9743
1414
8825
3597
6389
7331
3827
1316
6044
8697
9140
101
4834
4162
7181
-2051
-2554
8170
6718
3471
7141
-3935
-4505
-587
3770
6362
-1877
-1844
4692
-1591
2008
3446
7536
-123
7177
3805
8171
3244
4794
7373
6034
6656
-3228
6892
1148
-2011
-3782
5202
6506
4745
-3659
-3522
1305
-1458
3595
316
4828
-155
-4946
4532
4225
7144
9888
1149
8215
7478
3040
2928
7862
3860
7016
8175
-314
4389
8312
-4632
-2352
-914
-644
-4257
-1914
8390
-3902
-722
860
3655
40
4619
4076
8274
6548
2434
-1093
1326
9080
9862
8419
-2042
7020
-973
4780
639
-1493
3632
-4772
1274
-1500
6602
4470
-4061
482
6090
7510
8636
9172
3044
2531
-4322
57
3155
8329
9010
-4470
-4208
-2438
-1697
9149
4145
-1226
492
-836
5413
4190
1986
-3184
8143
-1520
-729
-1908
-863
-350
5172
9185
-2461
2414
3604
2594
3798
4162
536
-3849
-3240
8170
8155
107
-4021
8106
-2074
-1016
2036
-156
-2586
9910
6831
7456
1465
-2867
5827
-3070
5244
9694
4450
509
5488
-348
830
-4074
5537
611
4243
4999
298
4914
5522
4101
3199
8759
-4654
-3924
6226
5896
2862
-2340
-3307
9215
1593
7261
-3918
7362
6197
-3499
3808
4717
2161
5061
8656
-4360
6521
3294
5400
9253
-2307
4737
672
7248
5570
5520
-2443
-3970
-3430
-2079
7536
920
1750
8194
2469
2456
2352
-3216
-373
6253
4410
-422
-3054
1483
2884
7574
6511
9028
5892
3412
2579
7568
8335
-1172
4058
5890
5022
1569
7487
-830
-2950
2210
-3154
6687
4357
5119
-726
7070
1118
3455
-106
5069
-4230
2809
4824
8484
-2867
5876
186
5691
-2853
-1808
-526
-3858
3840
-544
8799
7447
-2103
6006
-3125
9703
-4067
9671
-4716
5099
8769
-3667
5907
-2728
-1431
5532
6125
-1018
5775
-2875
4454
-1288
983
8102
-1164
6219
-1862
8296
8942
7997
4933
6804
-1983
7187
-1455
2332
5180
4967
7317
-3381
-3536
-971
-1166
4946
959
8938
-1168
6594
-4923
-4059
-4502
2561
8600
9161
9107
-117
3750
7839
-3325
7989
9830
3941
5687
5914
272
7746
1073
6726
-1258
1310
2868
-4199
3123
7246
-4955
-2545
8674
-450
-3181
2532
3706
9047
-1898
5528
3274
4517
5934
4154
5727
-4863
-4388
-107
7966
-2920
-4747
4465
-3913
3378
7100
706
7728
982
-1829
7206
3785
6967
8722
4916
-2557
4185
-1389
-2745
-3436
7646
-3780
-3711
8545
4229
7
1454
-454
3680
-308
9734
2306
-2651
-1702
517
1130
1138
-1387
5939
2339
-4442
4224
-11
4276
368
4708
7070
7876
-2233
5524
2095
5654
-109
2447
7228
-3202
7236
-3461
5049
4300
-2278
2424
2910
8116
3286
-1710
-2125
247
4922
-4478
563
1474
1049
-4225
3426
-1618
-3407
7094
-3287
8966
7485
9350
3385
8858
-2575
-1839
5748
9632
-202
7803
3171
-1514
9746
-4877
-852
1502
1980
7318
98
-3290
-3218
8209
-2295
2482
-2190
-2550
6170
3004
9846
3921
5191
2434
9374
2896
6958
6210
3367
-3322
8020
7442
3642
-3231
-3542
8324
6013
3508
-4993
-4404
-4321
9557
-2771
8880
8705
159
-4976
-1587
9397
4837
4680
7035
-2880
-2915
-2231
-4613
-1780
8656
1295
3842
-3748
-2764
-4065
2233
-1965
-4133
-2217
2480
8758
8063
8473
5214
-2504
7692
-4408
9376
3223
928
5728
1190
6488
4974
1658
-263
5719
8889
-2893
-1681
5214
4339
-2061
-4797
8945
9004
-4489
7104
2824
7152
3116
-2582
2755
8400
762
4265
1991
5156
-4154
6119
-2300
2863
6298
4177
-3222
2303
4255
6700
1959
8849
-2995
9551
-3163
5503
501
307
-4267
2245
-414
2614
3151
8718
-1048
-3877
575
-4797
600
1120
9271
8704
7930
8701
-93
6580
8811
6747
8028
6841
-4660
9976
2362
5851
3368
-1595
3308
7798
5553
7337
1175
6503
3796
2956
842
3244
-1766
-2075
6216
7136
9096
7411
996
9662
3373
7419
4481
2517
6147
-3217
421
-347
6757
4579
4428
4867
-1472
4804
6416
9437
-1170
9902
6661
9299
2212
-97
-3285
1611
1819
9934
6036
-386
1895
1623
1540
5845
-1736
9375
6876
7682
2783
8823
-1138
1963
-3970
379
700
9114
5963
8829
1379
6040
-1031
-1726
4873
-94
970
5459
3672
630
-3624
9320
3941
4961
9179
205
-2836
1080
-961
1079
2302
2959
377
4844
1158
-2553
1492
1657
9612
4711
3184
9214
-1626
-3513
6699
2170
-4451
6412
3762
3225
-1714
-2988
-4557
2147
3677
856
1734
2242
8719
9402
2532
1680
2160
-1886
-1652
8581
6362
-4305
9035
-2355
-2086
-648
2571
1268
8691
8849
7266
4516
-3173
4747
4202
-1964
7604
8287
1041
9372
4160
-2244
9687
6217
-3152
1426
-1717
3336
1909
-2183
3234
5625
6272
7630
-1109
6946
6123
-1337
7218
827
6950
2510
-1084
-3436
6562
631
-4263
9489
-4119
665
-2418
-4675
5939
1806
6289
7096
-913
-599
-4636
-2752
5764
-84
3272
524
-3406
5447
2392
2812
6892
-331
-4493
-3227
6850
4370
6501
4443
1426
7431
6177
-2284
-3021
-2018
609
621
7973
-2937
2511
485
2517
-1665
6364
-3249
-3921
3708
9047
9891
3941
-4811
-1492
4194
3209
-846
2607
4362
997
1781
6504
1515
2358
2520
5826
803
8172
-3437
-1902
-3907
3217
-1313
-1175
5064
7
1118
6300
7213
503
8108
9470
-1376
-4873
168
6833
-2419
9742
5390
1565
5194
7665
7440
8715
8340
4459
-1675
7102
725
2732
684
4029
6004
2935
-1277
-3668
-1884
7920
2332
7539
6269
1231
-2068
1044
-3148
126
-2508
-1172
5819
-2169
-2577
-3284
9763
-2965
3365
642
2133
-611
-545
-547
6486
-3117
-4111
9330
-1342
674
4016
2685
-3999
4887
4393
8051
7752
5975
-4137
-2981
1073
4934
9987
3246
-2112
5010
-4378
-3545
6807
7461
9759
8421
-2155
8812
6465
6473
1562
6313
2477
-4413
3963
4072
2324
1889
6989
5546
1626
2660
7744
3936
4746
-3076
4433
-2822
1137
7576
5865
7578
9844
-4092
-662
-1151
4306
-3216
-1587
2195
4594
-883
1430
-1631
-4934
9624
2316
-4558
-1793
-725
-4310
-901
7219
-4025
2578
6147
7529
183
2624
-2782
7811
2503
1513
2937
-2715
-4463
-4397
3170
594
6569
7269
8601
2901
-1331
3193
3526
1683
-4419
2363
7428
5192
-1350
6150
2811
6996
6219
7930
3667
-4597
2196
2361
9650
-3374
9973
4899
3893
2855
7320
3893
6535
-2190
2994
-21
8589
2132
8890
4997
8285
-1860
-2445
-1862
2003
-755
6823
1216
-1439
760
5340
4232
-1925
7427
9529
390
-4362
6065
-1267
-771
6095
717
4193
-2631
8868
4502
-4721
8481
-3647
2908
-4931
3339
-1092
-905
1035
-3908
-126
3979
-2714
6607
8437
5636
752
2611
9318
3665
1249
-1091
8635
9612
-4765
-2853
7233
8349
3901
6633
6910
7580
3682
-933
-3721
3108
8375
-4111
-612
-117
6805
5299
-504
-20
743
-4356
-3545
1201
8305
-1006
7249
6232
898
440
3189
-2137
9114
3559
-1906
3934
-4088
-1283
-1243
8085
9379
4598
-1951
-65
-3693
6705
1661
2022
6543
3433
8477
4558
1021
9123
7106
4926
-1564
-4272
-4310
5465
1647
-617
-2773
-4244
1795
-580
-4223
7013
-1966
-78
-3889
-1996
8435
4536
2074
7948
5959
-2860
1626
2082
9709
1934
-3596
7124
1460
1535
3787
6842
8041
-4708
4687
4446
2864
-2770
7597
1887
9839
-4228
3519
3824
-1702
9301
-4395
5391
3752
-374
7009
490
-3897
402
8371
7403
8759
-2871
-2733
-916
8766
1747
4864
660
7236
8079
1018
9289
-234
5390
7887
9937
9127
8620
2150
-3879
9664
698
7164
-1040
1013
8625
8856
-3363
-2677
1088
7848
-469
-3219
-1593
8502
1127
7276
-190
5200
8137
2621
-2118
5244
8130
648
-3632
9797
6437
-3299
470
3975
2846
6682
504
-3827
-1478
-355
-3783
-3674
-2924
7597
8679
4275
176
-1571
-102
2885
-3998
5776
1164
-769
5022
-3475
9507
-1745
9792
4962
-4495
-1269
-1693
2680
3699
8963
-274
5020
6991
-4394
-4128
8854
9079
-2530
-3906
-2772
2453
-1856
8860
-2262
-1065
9877
7763
6101
-2
3030
221
1363
154
8350
7034
3271
426
3185
8749
5989
5094
-982
5656
-2421
-3386
8008
-2606
9022
8180
6980
-3836
8836
7160
4188
655
884
-1461
-323
4
6716
-3683
2978
3438
5956
6755
8609
8839
7754
5194
-1524
200
-527
-664
9766
-455
394
-1874
-2451
2301
2650
2652
1965
-2028
-4377
7657
2348
6715
-1795
-393
5062
252
6468
6018
2944
4024
847
9035
1341
-1390
5849
-1338
-2534
-95
-4114
-2565
1013
532
7115
1125
7492
-1845
-1873
9843
-2695
2264
2062
3749
8610
15
9735
6512
2541
7061
7258
6849
9898
-4562
6421
9459
8368
-3551
2532
-2315
8684
-1092
-799
-3179
5711
1814
-954
3267
-4039
-670
1699
-2723
-173
7366
-754
-2354
899
9019
2078
1994
1188
4437
7706
9107
6913
-244
9918
-1228
2292
2382
2661
4537
2523
-3326
470
3537
-1117
-3710
1292
5307
-3005
-3953
3294
4412
-3679
5322
492
3185
6126
3248
4736
4305
-3241
2150
1392
6731
-273
-3342
-119
-4783
7620
-3138
-2399
2281
-3933
9250
6562
-3755
-535
-30
1671
1770
-1806
1228
-1093
-4818
-2567
1351
5306
4529
-3638
8179
2172
8207
8120
-845
-2028
3964
1634
-1047
8303
8540
280
215
3196
5679
4180
1317
-3717
-4388
5330
5371
7289
3248
-1367
-2299
-3092
-4635
7012
4546
1294
972
2266
6151
-290
7460
-2528
6719
8033
-3433
-3249
-2806
8052
-3329
8836
5548
3213
9854
7656
1832
-12
7215
9539
9930
4789
268
9436
9628
2897
-3809
6069
6244
-173
6634
9174
5987
-4792
7549
5970
3189
-452
718
3599
5461
4993
-4343
-558
-753
5736
1811
5096
-2737
5508
-4398
4727
-91
-1869
162
-3886
7073
1611
-3203
-3420
1962
5836
7294
7634
1245
6656
-2525
6586
9405
2866
277
8360
7064
3816
4122
5634
-3284
-1425
4366
9204
2507
4951
-2760
2664
-2065
2762
-3860
9935
3247
3826
8803
4289
7204
9234
3417
-3265
-3593
2125
1957
9792
4063
1298
8160
7527
-2456
9601
9148
8735
9320
3504
4443
-1538
8052
9309
3191
-450
6141
-2335
3079
3575
-251
-3465
-4614
5407
-4528
7788
6070
6609
1724
7293
3545
867
1750
312
8289
3949
9646
7805
5005
4491
6797
3912
-28
-3629
12
-3083
-158
-3067
-2553
-4718
-1167
-4952
2960
1679
-825
8397
2415
7606
2920
-3861
-1001
-3605
9616
-2366
-2218
4375
1896
1843
1777
-4421
3624
9632
-4741
5649
9214
-3820
-2022
-1168
-2820
5267
680
5530
4344
-158
8154
2995
-4734
-3547
-3725
7330
-177
-2901
-502
-4232
-1486
-2569
-949
-566
-1321
6217
7097
851
2895
-3030
6488
1746
2690
-4307
-1474
969
5198
-1821
-3290
-1127
-1542
497
-3371
-163
8691
-1948
-2535
-2865
3068
-4162
-1448
1679
5259
-3998
1494
2185
8681
7786
6738
-3957
-2876
9877
-1549
-1320
4380
4437
3693
-1859
5079
-4971
1786
1125
1728
-582
5422
5977
2584
2358
1958
8034
9790
1789
2831
-1700
5642
5982
1880
5282
1300
1290
944
-3981
-2201
5484
-4899
6479
-3187
-3705
-1212
9559
7504
5671
-731
-3932
6889
-1901
-3683
2577
-2445
-2783
5286
-3479
9836
8914
6303
4107
9567
-2767
1294
4194
-2654
-1895
5197
-3869
-796
7140
5753
3611
5520
434
7180
-4605
-550
6974
627
3481
7174
8946
-945
2130
-126
753
9252
5493
-2569
7351
-3275
1576
2268
8851
9162
7065
5347
6150
-2194
4053
711
-74
3769
-3847
-384
8803
9833
4370
-424
5281
4919
5171
2380
-389
6229
-1988
-3343
-3769
9358
-4721
-887
31
9198
-485
5034
195
3192
4554
-1110
-3277
-1002
2062
605
1948
2715
319
-3071
-852
1495
-554
-4466
9396
8997
2755
9975
6091
-2718
9212
2902
-4266
3797
3828
3424
3253
1485
511
1862
6694
7542
4015
161
8637
3218
7822
-115
9656
-4544
3275
935
1154
8625
2938
4429
8903
-786
-4266
-3421
-3582
3883
5097
5239
2372
7752
-4424
3837
-704
4707
-474
6381
6445
-2986
-2848
5910
6175
1929
-1376
-4736
-3222
292
4742
3638
3378
6716
7176
7818
279
3889
3035
-1757
808
-4233
-3869
-2204
524
2669
1117
2554
5767
-3907
686
1576
-75
1741
-1436
-1978
-1565
9951
3554
8050
3254
6985
3317
5071
1680
1191
7430
9793
5971
-2262
9812
6563
-1389
7580
-2088
9481
-1431
-4708
-250
-22
-3211
5459
5306
-2922
1926
-3506
2696
1025
9097
7973
7164
-290
-1272
8008
5454
-3760
5473
1075
-4538
7051
-939
7776
4742
1704
3325
2797
-737
3211
4164
3797
2601
5721
7521
3442
4333
5107
8639
9302
7121
-1927
-4620
715
-3106
1369
-991
-1647
3116
1746
9121
-5000
3528
496
9293
-3987
1392
2253
9517
-4370
-2803
-4834
9267
8599
2607
-1194
4301
1721
-4273
1966
4760
2996
1036
1231
3202
-3512
1064
-3107
4246
5711
1469
4571
-3858
-1507
3387
-1978
-3580
6110
-262
1042
3870
7742
-2167
-3436
4651
4619
6615
1682
1584
-4721
6952
-2500
2120
1556
2110
-4699
6703
5576
5435
9100
5373
3679
2666
7273
1352
9468
9935
1994
-4502
-4184
5458
8647
1728
-289
5076
7568
9700
6017
8113
-4356
-3459
5420
-1835
6862
-4632
3355
2515
-2460
-679
7027
3770
3748
9317
3110
-1149
1170
6473
6664
-4769
4988
9351
2178
-4735
9348
781
1556
-3127
-2136
4227
5416
7259
-4349
5904
6784
4216
6961
9533
3843
3882
-528
1539
6727
-1761
-1895
7535
8043
2105
5246
8569
3783
8714
-2950
7752
256
4718
6814
-410
-4943
9382
-1318
-169
-3356
-301
-2979
4567
5562
3791
6793
905
5140
8
2514
-373
2418
1953
6838
-2232
6271
-1331
2166
1394
-336
4886
8742
8075
-1733
-651
1482
1680
3271
-1855
-4985
8116
1600
5288
3020
-4595
5084
-4638
6454
-1542
5799
2582
-4968
-1540
6325
52
1128
525
-1969
4462
6023
2246
6982
7252
-4153
-4611
7582
2290
3057
-2710
-1771
7383
5473
-4336
4330
897
-2381
5510
8392
7416
6584
2481
6164
5837
5608
6320
6252
-4622
6952
347
1551
3045
6736
8809